2004
2014
2008
2009
2010
2012
2012
2015
2009
2009
2009
2009
2010
2010
2010
2012
2015
2004
2009
2009
2012
2014
2005
2006
2006
2006
2006
2013
2015
2005
2006
2006
2006
2009
2015
2015
2010
2010
2012
2001
2005
2013
2009
2012
2013
2014
2009
2005
2005
2015
2015
2005
2005
2005
2013
2013
2015
2015
2013
2013
2013
2004
2009
2010
2012
2015
2013
2005
2011
2014
2013
2010
2010
2006
2012
2004
2009
2014
2014
2013
2013
2013
2013
2013
2010
2013
2015
2004
2008
2011
2013
2009
2002
2014
2015
2015
2010
2004
2011
2004
2013
2009
2000
2013
2005
2005
2006
2006
2009
2011
2009
2002
2007
2007
2011
2013
2006
2009
2009
2006
2002
2005
2012
2013
2012
2009
2006
2009
2013
2015
2013
2015
2013
2009
2011
2013
2009
2009
2009
2013
2006
2002
2013
2012
2002
2011
2001
2010
2006
2013